 -4.098879182135275E-002  2.600265208188017E-004
 -4.099538408455183E-002  6.147962301099385E-004
 -4.027497703279143E-002  3.087198293772670E-004
 -4.201214167526138E-002  4.050454058540716E-004
 -4.272052616655632E-002  2.620862740483292E-004
 -4.164534380967784E-002 -2.881746968968200E-004
 -4.028324022535886E-002 -8.438440872422815E-005
 -4.334361464237912E-002  3.022948865123036E-004
 -4.054270838497860E-002 -2.843822508008543E-005
 -4.033594847779431E-002  2.374050170046154E-007
 -4.151723235637201E-002 -3.137819050761169E-004
 -4.173385945078570E-002  6.054713457426335E-004
 -4.117201515054364E-002  4.515336411285976E-005
 -4.085870016824954E-002  2.010104069192917E-004
 -4.198659221439756E-002  1.774614603110045E-004
 -4.284169083970600E-002  2.986995229298883E-004
 -4.147086489179176E-002  4.586212314462019E-004
 -4.060513160440005E-002 -2.674926416886849E-004
 -4.073959235899461E-002 -9.080552775637674E-005
 -4.003195449399208E-002  7.924358832882717E-005
