 -1.442495832331811E-002 -1.426692106871554E-004
 -1.487292739776223E-002 -1.044733591335395E-004
 -1.469909796434926E-002 -5.211159391061488E-005
 -1.411993597793471E-002  1.322645271185675E-004
 -1.466321485358960E-002  4.781894418000048E-005
 -1.422192418963096E-002  9.251982868001403E-005
 -1.419789673062590E-002 -1.172952331598623E-004
 -1.465995340898489E-002 -5.414463073409127E-005
 -1.501840581499747E-002  1.948886534723332E-004
 -1.506167558660331E-002 -1.067049690897231E-004
 -1.479991255431363E-002  9.368183160999015E-005
 -1.486659435627835E-002 -3.470781271437452E-005
 -1.423299477117856E-002  3.585716133702977E-005
 -1.500244917319328E-002  4.032599330777209E-005
 -1.489039050116133E-002  7.652638910702227E-005
 -1.459625989910603E-002 -3.883430355121485E-005
 -1.465622952979322E-002 -2.700666040018436E-004
 -1.450219910965279E-002  9.275831560350373E-005
 -1.475723693540591E-002  2.387532627634995E-005
 -1.439660320635214E-002 -2.814744236061020E-005
