  0.377987088760037      -8.572640193387338E-005
  0.386192989580229      -7.443458554660523E-004
  0.381057456712817      -1.374041869997186E-004
  0.384660208996296      -9.454930934671273E-004
  0.392196449137597       4.129851167871291E-005
  0.376216503859106       7.964368117195277E-005
  0.377517169139148       6.021542576850245E-004
  0.389937488454951      -6.801172598374107E-005
  0.383307190648680      -1.212169919713267E-004
  0.386553511870715       8.494688956731157E-005
  0.382762836555853      -3.554719922799949E-004
  0.388091245339286      -6.429281032322505E-004
  0.378927984462485       6.466566572575773E-004
  0.386137428703259      -2.251197159331222E-004
  0.385241369776070      -1.977544727358977E-005
  0.390287913380774      -1.878644351352908E-005
  0.380291290458639      -7.068166267819728E-006
  0.382398299634380      -2.339535124265886E-005
  0.382797061186977       1.026423420954609E-003
  0.380773783878079       8.531306341471026E-004
