  0.743080739168782       0.766553694806097     
  0.695783558988539       0.729074833272147     
  0.680435151211340       0.724613334078756     
  0.679507834886413       0.718215713992521     
  0.681065376353241       0.717386761610025     
  0.677333389190221       0.718049748164948     
  0.675449689574267       0.718615798093821     
  0.680287278840223       0.724902434883337     
  0.678515469317002       0.719413512271439     
  0.679801420507785       0.721150364018416     
  0.679961439919277       0.717352509652263     
  0.675143203602663       0.717573087500651     
  0.676708870182950       0.715467746346911     
  0.671603251058397       0.712081549848695     
  0.676359888741630       0.711915306584152     
  0.682080617226974       0.719100954809482     
  0.677537705935106       0.712091447212770     
  0.671397638380369       0.714085907431656     
  0.675902171303109       0.717541154438945     
  0.674648099294803       0.714985185599882     
  0.671511035529873       0.714765109701933     
  0.677660593020979       0.715846631487182     
  0.675365630278361       0.716851184449439     
  0.670253812423785       0.715493299115695     
  0.675068689839943       0.713574425692338     
  0.674484578257621       0.715784007799587     
  0.674486549686555       0.715609136981753     
  0.673567412678194       0.714399233154195     
  0.670077050530775       0.714952968202797     
  0.669571320443164       0.711685854851682     
  0.678104189322027       0.718826558236170     
  0.677000187393140       0.716671840684389     
  0.667317717019226       0.716832906912840     
  0.674025870923453       0.716531545247739     
  0.680083534390021       0.713283804830680     
  0.677225958396666       0.719263185509485     
  0.676046465031747       0.717578719083441     
  0.674141216605669       0.712130533475382     
  0.670313042570202       0.717890151826719     
  0.672669304338189       0.718375611420826     
  0.674825548637117       0.717927095677308     
  0.671822556704755       0.717007592672513     
  0.677991641360917       0.715926625454338     
  0.675282702443362       0.714451625577045     
  0.678361805170384       0.719696804668948     
  0.675021949328566       0.715779816246429     
  0.668465839406320       0.710076339603399     
  0.671910487397076       0.710166936631093     
  0.674737665344298       0.709978847323198     
  0.674444320918130       0.717112583358892     
  0.671937646979087       0.719814948359645     
  0.678838574509719       0.716975188113366     
  0.676956638486785       0.717505040652616     
  0.677216898616020       0.714837398935734     
  0.678446726689290       0.717895590245917     
  0.679863756431248       0.718719442476537     
  0.673892051477418       0.719298918517938     
  0.674669452633774       0.719937674900104     
  0.678641775457879       0.718503091608517     
  0.674552953842387       0.721410060181521     
  0.674312495107696       0.709918008049729     
  0.677952467767401       0.721835402918533     
  0.675804502880704       0.713798891728142     
  0.675840518875622       0.715279213492546     
  0.678290506098348       0.713291608903321     
  0.671920983298721       0.714659136842647     
  0.671188320638785       0.716364381626464     
  0.676565003347059       0.712996278304370     
  0.680663883380260       0.718329570257127     
  0.678915656996573       0.716624000925660     
  0.676024603181071       0.712031240309415     
  0.673913098334858       0.716524587598943     
  0.679533153847704       0.719067694224284     
  0.679237024395476       0.721358491801649     
  0.673358537522949       0.718595695941060     
  0.677975933585413       0.717018141324901     
  0.673567637764870       0.714240237739857     
  0.672811363855103       0.710414821421090     
  0.669846728682376       0.709625250386852     
  0.676887349647045       0.712030672726196     
  0.679112691276719       0.717395897340169     
  0.675227489064540       0.712721813404342     
  0.675097389208187       0.715247936292911     
  0.678032812268663       0.717663272887125     
  0.680360633026608       0.715677839573740     
  0.675874535098201       0.716512861571995     
  0.671816314336031       0.714617575618153     
  0.673202575543731       0.707265036245288     
  0.671784602581236       0.716967279850816     
  0.675860733745872       0.713186236400757     
  0.674643076428591       0.715947110644137     
  0.671784843224576       0.715596753105764     
  0.675785948360814       0.713265976363993     
  0.674796545211997       0.714042768436628     
  0.674795721571975       0.718809221238673     
  0.672516968836720       0.714015446594762     
  0.679431690170746       0.716393367705920     
  0.674804432111348       0.713644063124428     
  0.675990451121873       0.717905257479441     
  0.677777449542705       0.711278022749931     
  0.676392554097424       0.717456290026635     
  0.679402545394716       0.714855598849466     
  0.678544071189728       0.717881650338332     
  0.678201973826186       0.719525090608808     
  0.676500526252002       0.716399358186041     
  0.670336857326852       0.717098162744650     
  0.673543325001394       0.715986759846180     
  0.674591959535390       0.715292369157705     
  0.674192355359740       0.711212461090042     
  0.672375152054878       0.714681191041196     
  0.675147973011882       0.715586026367752     
  0.675579284589113       0.712166967642133     
  0.679570043571759       0.714606223180074     
  0.676965298434296       0.718761900549740     
  0.671912701870180       0.718323992530909     
  0.675311112517070       0.721591361836294     
  0.677459889151473       0.718538797889221     
  0.677145740160191       0.715319685359228     
  0.677912887371278       0.717057809036733     
  0.677110736612659       0.716428691254214     
  0.676514954018289       0.713745870347111     
  0.676932910814721       0.716400577163177     
  0.677287114571278       0.712578433457987     
  0.676866061780448       0.712568694418538     
  0.677930172944309       0.715895308990959     
  0.675806073032414       0.713352759459568     
  0.677294218635836       0.720071629541432     
  0.676033092115270       0.715838498597799     
  0.674091609758408       0.709997879297723     
  0.674484020142688       0.717783503139131     
  0.674879378940668       0.717384146208447     
  0.679037751762759       0.724112936752495     
  0.678175807185877       0.717239865769652     
  0.676704773855242       0.718626052190150     
  0.676975616052352       0.717069528390876     
  0.673693848345907       0.719442527592069     
  0.671524295756859       0.714260339573582     
  0.675176481233072       0.716059615474781     
  0.682233983842866       0.719539655505931     
  0.680003025208380       0.715740710238935     
  0.676400043934462       0.717808977077884     
  0.677734997554082       0.715628686084981     
  0.681774385468856       0.720774150877967     
  0.673594373830889       0.717038258075181     
  0.673110744410253       0.714975970675838     
  0.678521885683788       0.713775598490805     
  0.675798356055428       0.715213340736833     
  0.673671531329346       0.715528752697572     
  0.677597079023160       0.716484401558579     
  0.677623681165508       0.714895671335534     
  0.676310704891078       0.715898508878882     
  0.678347360707228       0.717386049086024     
  0.679509913553130       0.712787284300338     
  0.678279285281727       0.714201909973656     
  0.676068743597015       0.716305136792161     
  0.675094622353727       0.717571637133803     
  0.670882982645953       0.717217911319288     
  0.668056676068732       0.715056171792120     
  0.672245239028854       0.713406349667476     
  0.671380104890125       0.713586196112858     
  0.679110752084370       0.713144620537047     
  0.679727123549029       0.716819906233273     
  0.675189042232257       0.716996492686478     
  0.675441643652469       0.711122934930273     
  0.676446876317054       0.715444822112675     
  0.674840064085243       0.711648861239941     
  0.670551631166614       0.709171920888714     
  0.673340381309046       0.712773030815597     
  0.672260277554073       0.716552631482020     
  0.673964487849988       0.713800732453563     
  0.675044710745794       0.712117781152611     
  0.679975245396756       0.716889583401989     
  0.672153720630462       0.717463197046432     
  0.673618012797972       0.715878903256600     
  0.677223641551151       0.715119919836881     
  0.677537028266571       0.715600115126091     
  0.674482660872865       0.717238053976875     
  0.675964982817981       0.714647834191342     
  0.674220237215986       0.715520266673604     
  0.670394610375470       0.717024174488614     
  0.673038191206302       0.712543624383424     
  0.676363638943097       0.717904193256912     
  0.678747409704407       0.718041795290398     
  0.678167064451302       0.714923282551706     
  0.671346612080295       0.710747506255091     
  0.673558063051885       0.711947788433206     
  0.673974509644720       0.715403744746206     
  0.671523816726972       0.715736412046471     
  0.673758702749763       0.717883089217705     
  0.674056534573479       0.712026803716933     
  0.672191298836731       0.715260743015501     
  0.675126808453537       0.715607051972788     
  0.675775743248956       0.714938926837881     
  0.677677145061308       0.712835164289119     
  0.674125287571736       0.712687596148139     
  0.676038098325544       0.717123479973243     
  0.673090544880058       0.712499761190805     
  0.674715695076624       0.712031428111315     
  0.672892492881897       0.713836819781202     
  0.678296198690291       0.716012030397083     
