   1.063751    
  0.9186316    
  0.8856739    
  0.8771662    
  0.8753297    
  0.8716436    
  0.8662806    
  0.8705381    
  0.8694614    
  0.8711233    
  0.8677087    
  0.8647695    
  0.8618307    
  0.8670501    
  0.8597829    
  0.8627692    
  0.8622831    
  0.8644178    
  0.8619887    
  0.8695037    
  0.8674223    
  0.8667889    
  0.8603496    
  0.8644146    
  0.8652745    
  0.8613319    
  0.8652309    
  0.8685091    
  0.8672172    
  0.8689889    
  0.8664882    
  0.8639744    
  0.8656709    
  0.8689205    
  0.8609620    
  0.8655128    
  0.8654941    
  0.8698565    
  0.8643572    
  0.8681002    
  0.8670102    
  0.8705695    
  0.8663540    
  0.8630801    
  0.8606826    
  0.8619969    
  0.8641273    
  0.8640807    
  0.8631569    
  0.8610314    
  0.8618464    
  0.8615090    
  0.8669230    
  0.8643004    
  0.8594851    
  0.8615924    
  0.8638402    
  0.8662541    
  0.8711988    
  0.8693962    
  0.8653725    
  0.8614441    
  0.8648347    
  0.8673666    
  0.8626865    
  0.8637817    
  0.8680212    
  0.8666460    
  0.8688866    
  0.8678884    
  0.8702558    
  0.8638361    
  0.8652754    
  0.8695573    
  0.8669003    
  0.8652962    
  0.8616716    
  0.8614128    
  0.8607384    
  0.8530276    
  0.8604791    
  0.8648533    
  0.8633103    
  0.8623006    
  0.8629615    
  0.8652698    
  0.8611730    
  0.8613497    
  0.8632278    
  0.8631301    
  0.8694468    
  0.8663117    
  0.8670692    
  0.8647888    
  0.8651736    
  0.8701682    
  0.8648251    
  0.8634431    
  0.8679194    
  0.8671290    
  0.8690481    
  0.8670600    
  0.8640710    
  0.8664019    
  0.8656090    
  0.8647591    
  0.8615968    
  0.8634879    
  0.8625426    
  0.8624830    
  0.8612872    
  0.8630625    
  0.8674981    
  0.8658778    
  0.8606138    
  0.8617474    
  0.8644501    
  0.8630394    
  0.8664339    
  0.8722495    
  0.8672052    
  0.8636610    
  0.8697123    
  0.8646229    
  0.8631200    
  0.8646733    
  0.8649424    
  0.8646865    
  0.8658801    
  0.8640020    
  0.8694171    
  0.8671078    
  0.8716909    
  0.8653506    
  0.8610780    
  0.8641379    
  0.8724660    
  0.8669860    
  0.8629347    
  0.8624501    
  0.8649465    
  0.8630779    
  0.8629360    
  0.8711251    
  0.8686824    
  0.8669121    
  0.8676492    
  0.8651078    
  0.8601220    
  0.8631464    
  0.8645989    
  0.8669887    
  0.8637980    
  0.8633223    
  0.8606982    
  0.8645552    
  0.8645537    
  0.8684788    
  0.8675624    
  0.8602830    
  0.8638524    
  0.8639449    
  0.8623036    
  0.8660045    
  0.8662204    
  0.8606977    
  0.8655854    
  0.8669298    
  0.8625733    
  0.8695420    
  0.8678350    
  0.8652431    
  0.8644707    
  0.8699258    
  0.8680869    
  0.8681758    
  0.8666272    
  0.8656441    
  0.8638292    
  0.8629510    
  0.8662959    
  0.8681619    
  0.8696892    
  0.8678159    
  0.8643115    
  0.8678575    
  0.8638252    
  0.8640766    
  0.8624712    
  0.8667731    
  0.8667989    
  0.8634710    
  0.8613933    
  0.8647515    
  0.8587801    
  0.8590069    
  0.8602635    
  0.8575742    
  0.8582761    
  0.8631293    
