   1.373918    
   1.071118    
  0.9871347    
  0.9584596    
  0.9433870    
  0.9308373    
  0.9247057    
  0.9174299    
  0.9195284    
  0.9186525    
  0.9155605    
  0.9172162    
  0.9153293    
  0.9105715    
  0.9110359    
  0.9073145    
  0.9075713    
  0.9087456    
  0.9105992    
  0.9095697    
  0.9139331    
  0.9070591    
  0.9055324    
  0.9038050    
  0.9052445    
  0.9071314    
  0.9054543    
  0.9043365    
  0.9057312    
  0.9081435    
  0.9105396    
  0.9091470    
  0.9099131    
  0.9051172    
  0.9067671    
  0.9047496    
  0.9119002    
  0.9136257    
  0.9056031    
  0.9044039    
  0.9080067    
  0.9096611    
  0.9118712    
  0.9109663    
  0.9097806    
  0.9051047    
  0.9094802    
  0.9089289    
  0.9078454    
  0.9099298    
  0.9081800    
  0.9064039    
  0.9062405    
  0.9083428    
  0.9081714    
  0.9052920    
  0.9068297    
  0.9025064    
  0.9063585    
  0.9056890    
  0.9056169    
  0.9035560    
  0.9076682    
  0.9075770    
  0.9085625    
  0.9017512    
  0.9047504    
  0.9017678    
  0.9057217    
  0.9093479    
  0.9097793    
  0.9046680    
  0.9057055    
  0.9058922    
  0.9133782    
  0.9102584    
  0.9081318    
  0.9066493    
  0.9041938    
  0.8991669    
  0.8989669    
  0.9015181    
  0.9048837    
  0.9070438    
  0.9047976    
  0.9076322    
  0.9061276    
  0.9032348    
  0.9034628    
  0.9074378    
  0.9104354    
  0.9082906    
  0.9040259    
  0.9072739    
  0.9074444    
  0.9097616    
  0.9058324    
  0.9066433    
  0.9086399    
  0.9116356    
  0.9113727    
  0.9058252    
  0.9008591    
  0.9043616    
  0.9054908    
  0.9040692    
  0.9031336    
  0.9067405    
  0.9048907    
  0.9080525    
  0.9091330    
  0.9091620    
  0.9088901    
  0.9064867    
  0.9040600    
  0.9063886    
  0.9061539    
  0.9103761    
  0.9050218    
  0.9061247    
  0.9111344    
  0.9095836    
  0.9092641    
  0.9106879    
  0.9080509    
  0.9015995    
  0.9035892    
  0.9030170    
  0.9011338    
  0.9038757    
  0.9065766    
  0.9077911    
  0.9077015    
  0.9050421    
  0.9106772    
  0.9097502    
  0.9062889    
  0.9065773    
  0.9035723    
  0.9095279    
  0.9068969    
  0.9078085    
  0.9057935    
  0.9061790    
  0.9004804    
  0.9051672    
  0.9076738    
  0.9116434    
  0.9104933    
  0.9079946    
  0.9072854    
  0.9060037    
  0.9071013    
  0.9045634    
  0.9042888    
  0.9040350    
  0.9062629    
  0.9129493    
  0.9099546    
  0.9063368    
  0.9046892    
  0.9059080    
  0.9048801    
  0.9038520    
  0.9089211    
  0.9119834    
  0.9025638    
  0.9029670    
  0.9056412    
  0.9095738    
  0.9098344    
  0.9040723    
  0.9081179    
  0.9073969    
  0.9097077    
  0.9113973    
  0.9092246    
  0.9037991    
  0.9017030    
  0.9030591    
  0.9076900    
  0.9064121    
  0.9094270    
  0.9098122    
  0.9058203    
  0.9072335    
  0.9112979    
  0.9035062    
  0.9048084    
  0.9064564    
  0.9081351    
  0.9063560    
  0.9072356    
  0.9041224    
  0.9054372    
  0.9008546    
  0.8995528    
  0.9050389    
  0.9070657    
  0.9050776    
