  0.698893301604511       0.478309116244600     
  0.645469288023997       0.355791700777081     
  0.627654328134918       0.335010490467330     
  0.625687376525290       0.316930632808100     
  0.624406992987366       0.324966300137521     
  0.620412745038824       0.316686134652096     
  0.614179340008974       0.315488948770364     
  0.621836617344407       0.315127071546680     
  0.624451675415655       0.324395235964770     
  0.618961094792564       0.323539494278502     
  0.616602609421526       0.321446824980552     
  0.613842814817397       0.319178706001897     
  0.613407778009445       0.314982302890781     
  0.613632311855458       0.330996106876373     
  0.613408631905847       0.317814763049499     
  0.610694332659336       0.323091792259402     
  0.609751249787389       0.324427868211190     
  0.615128879333119       0.329878177060838     
  0.615761961632792       0.317319812782794     
  0.618866864204391       0.317580250935521     
  0.620678845353624       0.325576277477787     
  0.615030700690445       0.318455567464410     
  0.610628922981894       0.310995654482004     
  0.614912545480110       0.325494622136147     
  0.612487801766334       0.334862202503413     
  0.611787223168788       0.323786683098309     
  0.617954931256276       0.321751130352021     
  0.618491952751934       0.322029204502838     
  0.620348204570600       0.325199271087971     
  0.616970435894929       0.320452656878089     
  0.618363313065560       0.324668968915359     
  0.615200672169885       0.318356341476884     
  0.620381028973977       0.324201876925986     
  0.616409491291427       0.316317022663927     
  0.611803481238872       0.323129430771651     
  0.616663199840645       0.327990747573575     
  0.612645434101326       0.322846987746764     
  0.619088357149429       0.332285057069223     
  0.615241065046305       0.320228125810124     
  0.617612610618676       0.324102897144586     
  0.620596080821563       0.321909392728882     
  0.620357244858510       0.333846806043652     
  0.615119422497509       0.323455132126070     
  0.617497409270922       0.318155365505088     
  0.615792128900443       0.318935614267388     
  0.612883449766271       0.320906809252167     
  0.613565992201166       0.322375487609143     
  0.611601473661882       0.330572881654324     
  0.612043091808171       0.324830891252987     
  0.609001643407229       0.326489242816110     
  0.615426152242639       0.318835562498533     
  0.613918445920623       0.320628471847446     
  0.616201583627444       0.321724414060484     
  0.611865101365845       0.325109594199196     
  0.608550824701084       0.315776894194387     
  0.613883466282819       0.324481303860711     
  0.615112808833890       0.320512139392732     
  0.614990950567102       0.327302591122763     
  0.618527290269411       0.330917436416500     
  0.616220444563764       0.326126311442154     
  0.612373987284075       0.327562936606461     
  0.611678270895768       0.313911316641638     
  0.615539096522111       0.329174452745404     
  0.612197145699759       0.325922253728158     
  0.615243662445366       0.318800444455360     
  0.618462892122021       0.316350831407386     
  0.617886241098675       0.327247848371294     
  0.614969990141028       0.323498856992701     
  0.621407516576262       0.328773740947213     
  0.618767097690195       0.315472914871886     
  0.623594162320204       0.327895748158237     
  0.612859865783240       0.333906475006267     
  0.615592762872355       0.322722969418496     
  0.621499668813490       0.323369113239280     
  0.613464603194464       0.326317868480469     
  0.615761159134901       0.314211668516232     
  0.610347068616463       0.322948944337454     
  0.614489479628425       0.320736930094086     
  0.609809244303596       0.323868850760102     
  0.607882058254971       0.311928177472868     
  0.613106648263158       0.325287183847910     
  0.617978690438428       0.318172206800934     
  0.616535250175119       0.318855480008341     
  0.618265740192654       0.322303485822836     
  0.617619973340978       0.313457619434713     
  0.616312735276054       0.331697333447661     
  0.610273382543260       0.321395925521343     
  0.610356170764251       0.324574822198395     
  0.611452956113201       0.325670200168814     
  0.617325057788196       0.319213177663201     
  0.615629930977974       0.334116347770969     
  0.619355966492239       0.322095900820249     
  0.616006591514681       0.320588297467533     
  0.613004218813209       0.322025184308112     
  0.615818900903860       0.321925299771566     
  0.618665217436840       0.327246597457793     
  0.614331652368472       0.320266518888740     
  0.617882378737158       0.318113061342682     
  0.617917768652111       0.328144773369400     
  0.616682072548494       0.322912896401909     
  0.620859461199702       0.322345774935275     
  0.616631777856691       0.330287056854183     
  0.615989540714218       0.318855637244062     
  0.616342110591042       0.327306401982316     
  0.616232839849733       0.328069387475392     
  0.617157945521916       0.328806469463565     
  0.611799635967757       0.322221274439394     
  0.612356834276406       0.322748504763384     
  0.614466564616011       0.313561036126295     
  0.612043957700971       0.313138169506409     
  0.612506704384681       0.320683604505083     
  0.614951513649316       0.319362463005516     
  0.617354762710649       0.328228315244515     
  0.614104664855519       0.321261029282095     
  0.612996017043706       0.320500589638468     
  0.615697769426505       0.316249693024135     
  0.614594743529778       0.325882867328238     
  0.612805514801236       0.319343488471676     
  0.622484328840209       0.318775696886386     
  0.623272637403373       0.329794611050441     
  0.611467395656657       0.323215307543590     
  0.614439513320221       0.317792914967659     
  0.617725389470584       0.323618849755317     
  0.616060354080029       0.317090072497618     
  0.614667104456550       0.321137418491746     
  0.617358797595678       0.329472581626384     
  0.616933728275081       0.326564803038613     
  0.619885324509229       0.322298651942062     
  0.616119474531493       0.319629039314220     
  0.618327901637949       0.316436255289011     
  0.617232126545090       0.319739449202647     
  0.616193183283118       0.320781488760976     
  0.615832025455091       0.335385650954735     
  0.619979123504103       0.322820713169526     
  0.613500008453430       0.308961160796950     
  0.618533972905297       0.319446947661010     
  0.619570041676220       0.327894878208912     
  0.617518019217229       0.321877135111596     
  0.613196520671661       0.318189680927880     
  0.612458708940916       0.321733818271748     
  0.616146592017010       0.321765792312919     
  0.615072162314017       0.323407655896624     
  0.617057725493474       0.317947868452823     
  0.625589224189705       0.327724383135027     
  0.616217961448108       0.318646426007040     
  0.614340574091481       0.329081580988370     
  0.619741677144378       0.320884093569336     
  0.611933890087948       0.316757920075005     
  0.610526401068075       0.324298019135166     
  0.612961945932443       0.325625784836442     
  0.617771960345698       0.324900425427850     
  0.617114035483902       0.335177286414758     
  0.616081159309644       0.318441993465670     
  0.612486153728216       0.322190784919717     
  0.613941520521628       0.324787319487815     
  0.614798770725605       0.318983306482157     
  0.618769995156093       0.321773486945861     
  0.619264094598498       0.326419956586758     
  0.609833862308510       0.333268117858857     
  0.614125648080208       0.320346791360450     
  0.615933130413139       0.326438914838958     
  0.616448660562969       0.313843797221596     
  0.612527567565404       0.314082891313018     
  0.614312967298244       0.324985607862661     
  0.616487371006178       0.328006154831701     
  0.615328159695872       0.321193188328956     
  0.617110024485920       0.315023512071212     
  0.613039552739867       0.327889880056401     
  0.613299349847705       0.324817201149914     
  0.620018120884968       0.324948226371816     
  0.617444176958030       0.326272168663617     
  0.614620292685827       0.324027830379669     
  0.615164210442455       0.325068255083095     
  0.623713055534632       0.328195835415791     
  0.619061340566517       0.320745352288164     
  0.615585798082637       0.322657698310842     
  0.616628922232326       0.327008193532547     
  0.616487260450705       0.327800354631608     
  0.611648751651883       0.326317974738523     
  0.615567185934483       0.318939073634700     
  0.617826430660998       0.322106041955572     
  0.618228387244918       0.327854731154890     
  0.624181922252319       0.327068274211474     
  0.613543235320147       0.327135069773032     
  0.618060801212085       0.313926033094083     
  0.616910115188342       0.317084964503651     
  0.612158390587667       0.320569856669253     
  0.612860561751034       0.316989364166999     
  0.614642221352171       0.321173399657123     
  0.620762560942190       0.318732679796316     
  0.620233819374978       0.321370431464435     
  0.615196847045618       0.314947352372916     
  0.613804840494957       0.321596404677527     
  0.613909117813175       0.326811820592601     
  0.613988706880880       0.325364086694811     
  0.612435526776303       0.321714317060486     
  0.610490385158174       0.319379692846640     
  0.612837037755338       0.315217990370785     
  0.610561228280436       0.313633485623481     
  0.614781578075484       0.323690088449843     
