   1.374025    
   1.002312    
  0.8911670    
  0.8487725    
  0.8210551    
  0.8083104    
  0.8038472    
  0.7985704    
  0.7918330    
  0.7892831    
  0.7859488    
  0.7861916    
  0.7794381    
  0.7747092    
  0.7721576    
  0.7694825    
  0.7679485    
  0.7650298    
  0.7663752    
  0.7672883    
  0.7604747    
  0.7626460    
  0.7610320    
  0.7636567    
  0.7690262    
  0.7668754    
  0.7646176    
  0.7669449    
  0.7612419    
  0.7641392    
  0.7639053    
  0.7579377    
  0.7542393    
  0.7533311    
  0.7553202    
  0.7570739    
  0.7573783    
  0.7584337    
  0.7594416    
  0.7581893    
  0.7596757    
  0.7594762    
  0.7536156    
  0.7518108    
  0.7564197    
  0.7535131    
  0.7513574    
  0.7528439    
  0.7543588    
  0.7557291    
  0.7575688    
  0.7563064    
  0.7578674    
  0.7532797    
  0.7521923    
  0.7450101    
  0.7446954    
  0.7489485    
  0.7515321    
  0.7508325    
  0.7562705    
  0.7477987    
  0.7516357    
  0.7559646    
  0.7551584    
  0.7539120    
  0.7519142    
  0.7535439    
  0.7537610    
  0.7596968    
  0.7541191    
  0.7551365    
  0.7586817    
  0.7506315    
  0.7521330    
  0.7536133    
  0.7500026    
  0.7518963    
  0.7489594    
  0.7483204    
  0.7515544    
  0.7477464    
  0.7503502    
  0.7508004    
  0.7546172    
  0.7534966    
  0.7513233    
  0.7560521    
  0.7538742    
  0.7526122    
  0.7522803    
  0.7506029    
  0.7506287    
  0.7519606    
  0.7518665    
  0.7511811    
  0.7558475    
  0.7530140    
  0.7569016    
  0.7563941    
  0.7507599    
  0.7501112    
  0.7525907    
  0.7521418    
  0.7512393    
  0.7549503    
  0.7528140    
  0.7518221    
  0.7469633    
  0.7450206    
  0.7429585    
  0.7558208    
  0.7481516    
  0.7492056    
  0.7489012    
  0.7487922    
  0.7498426    
  0.7546262    
  0.7564681    
  0.7508669    
  0.7494487    
  0.7494299    
  0.7562957    
  0.7549426    
  0.7507693    
  0.7509300    
  0.7508838    
  0.7472395    
  0.7467046    
  0.7450154    
  0.7524001    
  0.7493485    
  0.7500349    
  0.7550150    
  0.7561494    
  0.7511314    
  0.7525672    
  0.7557135    
  0.7606773    
  0.7540191    
  0.7535812    
  0.7478778    
  0.7547826    
  0.7543904    
  0.7528485    
  0.7543156    
  0.7518921    
  0.7519204    
  0.7516305    
  0.7555044    
  0.7576725    
  0.7574208    
  0.7513394    
  0.7551475    
  0.7516540    
  0.7538307    
  0.7544716    
  0.7506202    
  0.7429132    
  0.7473230    
  0.7465910    
  0.7481669    
  0.7477443    
  0.7502263    
  0.7467617    
  0.7450714    
  0.7472017    
  0.7500260    
  0.7492685    
  0.7528260    
  0.7494255    
  0.7533419    
  0.7505308    
  0.7569752    
  0.7493158    
  0.7491263    
  0.7439616    
  0.7436589    
  0.7477307    
  0.7491012    
  0.7517163    
  0.7495897    
  0.7580413    
  0.7551970    
  0.7522873    
  0.7533290    
  0.7524651    
  0.7540978    
  0.7544311    
  0.7498258    
  0.7510301    
  0.7479061    
  0.7475637    
  0.7473913    
  0.7478933    
  0.7506245    
  0.7512460    
  0.7509602    
  0.7491409    
  0.7511382    
