   1.594057    
   1.432087    
   1.396243    
   1.382097    
   1.383180    
   1.378796    
   1.376267    
   1.382396    
   1.380104    
   1.379576    
   1.378872    
   1.378776    
   1.374975    
   1.366238    
   1.368869    
   1.377018    
   1.374419    
   1.367542    
   1.372011    
   1.372556    
   1.368006    
   1.374689    
   1.371263    
   1.370294    
   1.372067    
   1.372971    
   1.372775    
   1.373407    
   1.369993    
   1.365003    
   1.373933    
   1.375908    
   1.367327    
   1.370190    
   1.374143    
   1.374318    
   1.373003    
   1.370465    
   1.370381    
   1.370621    
   1.375002    
   1.372207    
   1.373723    
   1.370075    
   1.372394    
   1.373405    
   1.363339    
   1.364787    
   1.369538    
   1.371556    
   1.373822    
   1.373899    
   1.376538    
   1.373261    
   1.374889    
   1.378535    
   1.377150    
   1.369565    
   1.375023    
   1.378021    
   1.370524    
   1.373268    
   1.375069    
   1.368124    
   1.373608    
   1.368695    
   1.369809    
   1.370545    
   1.375541    
   1.379704    
   1.374758    
   1.372802    
   1.377228    
   1.379590    
   1.375437    
   1.372338    
   1.371371    
   1.368889    
   1.364234    
   1.368758    
   1.374290    
   1.370727    
   1.367198    
   1.375033    
   1.376060    
   1.371441    
   1.372117    
   1.367573    
   1.367504    
   1.372894    
   1.375479    
   1.370305    
   1.371253    
   1.368332    
   1.373473    
   1.370973    
   1.371923    
   1.372697    
   1.371626    
   1.373470    
   1.373070    
   1.377044    
   1.375150    
   1.375367    
   1.374512    
   1.371012    
   1.370141    
   1.371098    
   1.365204    
   1.369690    
   1.370093    
   1.370829    
   1.368729    
   1.374121    
   1.371927    
   1.374861    
   1.377040    
   1.373726    
   1.368713    
   1.373762    
   1.369777    
   1.371439    
   1.372632    
   1.373041    
   1.368975    
   1.369053    
   1.373067    
   1.375175    
   1.366117    
   1.370705    
   1.374887    
   1.378201    
   1.379059    
   1.375631    
   1.375747    
   1.375499    
   1.370308    
   1.369009    
   1.376672    
   1.377387    
   1.371283    
   1.371840    
   1.379123    
   1.373245    
   1.369308    
   1.370159    
   1.372628    
   1.370713    
   1.373897    
   1.375752    
   1.371437    
   1.373410    
   1.376779    
   1.373967    
   1.374055    
   1.372871    
   1.369316    
   1.369175    
   1.362633    
   1.362651    
   1.371266    
   1.375607    
   1.370035    
   1.366832    
   1.370950    
   1.366072    
   1.364681    
   1.364839    
   1.370742    
   1.370744    
   1.370103    
   1.376063    
   1.373600    
   1.368614    
   1.372386    
   1.374615    
   1.370090    
   1.373979    
   1.368788    
   1.368310    
   1.366427    
   1.374714    
   1.372953    
   1.373541    
   1.366157    
   1.363758    
   1.368381    
   1.367735    
   1.369586    
   1.371190    
   1.367936    
   1.371638    
   1.368791    
   1.370868    
   1.370794    
   1.368631    
   1.370060    
   1.368575    
   1.368160    
   1.374035    
